[Variables]
ercf_calib_0 = 1.0
ercf_calib_1 = 0.9561499315
ercf_calib_10 = 1.0
ercf_calib_11 = 1.0
ercf_calib_2 = 0.964531555983
ercf_calib_3 = 0.958713336142
ercf_calib_4 = 0.958071197269
ercf_calib_5 = 1.0
ercf_calib_6 = 1.0
ercf_calib_7 = 1.0
ercf_calib_8 = 1.0
ercf_calib_9 = 1.0
ercf_calib_ref = 1160.5143

