[Variables]
ercf_calib_0 = 1.0
ercf_calib_1 = 0.954298714106
ercf_calib_10 = 1.0
ercf_calib_11 = 1.0
ercf_calib_2 = 0.998152746617
ercf_calib_3 = 0.996631172308
ercf_calib_4 = 1.00120987601
ercf_calib_5 = 1.0
ercf_calib_6 = 1.0
ercf_calib_7 = 1.0
ercf_calib_8 = 1.0
ercf_calib_9 = 1.0
ercf_calib_ref = 1145.1
ercf_calib_version = 2

